58 58
 0 962 2328 2076 112 2314 2770 102 3227 3295 543 520 1668 273 3221 1720 4015 3294 2597 3065 2590 3825 759 594 1444 547 3926 5991 5480 2865 758 1275 1044 3310 1256 801 1238 1383 3998 3841 2566 2267 1734 2957 665 3607 2265 2128 1004 2869 2296 4267 5126 1247 2824 2730 314 2635
 962 0 2986 1057 1972 2213 389 2791 3206 97 2931 86 1863 1340 3556 1698 4642 722 5330 432 4848 1236 3061 1187 1016 1041 4320 4480 549 3709 3236 1023 432 2324 2083 1865 1612 1835 2620 945 1273 300 2543 1236 2300 4265 1695 3322 781 3459 923 6553 1653 4746 3457 706 2636 2713
 2328 2986 0 1408 994 4181 497 486 446 199 448 3299 1693 1525 2274 2037 4409 1883 2409 3124 2761 3784 705 2942 257 675 3021 4971 3434 3036 4436 2004 519 3551 1252 1450 2617 2627 2217 1507 2905 3542 2044 3706 578 3283 2353 1609 2793 2366 1175 4826 3545 716 6083 791 666 2437
 2076 1057 1408 0 1345 2105 1514 590 2750 2859 342 72 4679 1355 2235 554 4739 1423 839 1014 544 1381 3180 329 4002 290 3467 3843 3828 478 4225 4208 2995 3185 2324 554 1332 3846 1647 1627 1619 638 3544 992 2845 3029 2819 2266 1036 147 1282 3830 708 2223 2120 4588 1096 1600
 112 1972 994 1345 0 1446 888 1535 2649 588 2495 170 1596 4344 1870 852 3750 1783 3935 2351 3481 4359 635 2734 1493 3579 4171 3962 2529 1293 283 2496 4215 372 2058 2243 1174 767 693 2393 1175 1202 1578 4774 474 931 1117 693 1694 3741 2162 5951 1298 584 2040 922 4645 2845
 2314 2213 4181 2105 1446 0 1543 8700 4617 692 239 2864 1580 1258 1601 339 3201 391 4270 1445 4068 1553 3595 148 4041 1152 5060 4791 2975 354 606 1468 3487 5890 936 1546 1495 1771 3665 3486 564 1328 932 1471 4116 3328 1557 1041 1694 4399 1906 6417 1342 1442 2844 2991 693 6002
 2770 389 497 1514 888 1543 0 1441 2417 1637 288 558 4243 942 1954 3004 3770 192 2721 1783 3875 3070 971 3476 1638 3639 3352 901 3579 274 848 1637 709 190 4929 1545 875 788 2676 178 1068 2094 1939 2358 1216 817 1416 2585 458 3417 2559 5423 3451 694 2973 217 2889 1743
 102 2791 486 590 1535 8700 1441 0 1882 858 1797 662 2038 3908 1960 429 5338 416 2923 602 4505 342 2466 567 4604 1230 297 3491 4549 1036 482 669 908 3754 1428 4286 2211 520 3906 1214 2600 3187 2582 2654 1705 3600 2636 1353 1844 3163 1133 6089 347 2089 3937 760 287 594
 3227 3206 446 2750 2649 4617 2417 1882 0 1339 1266 1489 2134 1700 1170 533 3607 2928 2559 345 3145 492 968 2020 1802 4113 2884 5687 2860 2808 359 1022 609 4148 2517 2037 3289 3380 3487 254 1638 129 3304 3346 1901 2359 1755 3586 757 924 1352 3142 1126 1577 1958 1050 772 2182
 3295 97 199 2859 588 692 1637 858 1339 0 1878 856 254 1798 1854 2571 3617 319 1582 688 2667 1099 1306 1335 3319 1402 5634 3662 257 366 3535 1627 243 2849 2686 1889 2718 3925 1052 652 2841 915 1868 4589 2693 1876 1608 887 3125 3462 1422 4876 1989 2230 3710 2915 1135 2906
 543 2931 448 342 2495 239 288 1797 1266 1878 0 1434 2389 312 1917 889 4902 217 2649 3168 3236 1592 506 1672 354 2925 2696 1445 2392 3070 959 3307 639 3295 1841 2293 1634 3872 5893 3165 2470 368 1861 1177 3848 1267 456 974 1096 681 1651 5676 250 1609 4363 1119 2875 1658
 520 86 3299 72 170 2864 558 662 1489 856 1434 0 3351 2051 3490 993 3147 2492 2753 590 4764 1218 705 243 229 213 1126 4615 5123 447 3441 1088 3314 3899 2057 984 2087 938 537 4396 770 390 2089 2151 652 200 1002 2553 827 3734 2423 5181 2736 1003 2941 1776 1424 464
 1668 1863 1693 4679 1596 1580 4243 2038 2134 254 2389 3351 0 3033 1226 1967 3047 184 1146 488 3073 4252 625 287 1356 435 4222 4999 2204 3342 1037 2209 720 4959 2806 1542 774 1200 4108 3658 5113 2866 1362 887 1480 3158 2245 2624 908 2493 1588 6678 138 1260 3207 1451 2185 3334
 273 1340 1525 1355 4344 1258 942 3908 1700 1798 312 2051 3033 0 522 527 4678 282 2568 2732 3083 1115 3502 268 1849 802 4557 4776 656 949 4069 783 3200 3180 4038 2040 1109 842 4503 531 1240 4091 3131 1564 224 2339 1246 3583 1702 1934 209 4720 3786 1297 1991 5410 1193 3987
 3221 3556 2274 2235 1870 1601 1954 1960 1170 1854 1917 3490 1226 522 0 1123 4124 1795 2651 498 4328 1095 524 3213 1475 1232 3008 5106 3730 2356 1210 3841 798 125 2123 3385 1838 524 3201 730 3039 3359 2357 4099 968 3397 257 1177 2773 1377 1030 4074 888 2535 3512 2182 846 2870
 1720 1698 2037 554 852 339 3004 429 533 2571 889 993 1967 527 1123 0 4252 1095 4204 589 2613 3816 502 171 4501 1072 3114 4117 4065 708 2727 184 3848 2712 1141 1315 2388 943 3635 1079 3433 561 3642 5304 3547 3120 1485 1488 587 130 1461 5071 1452 1511 1571 846 2142 2601
 4015 4642 4409 4739 3750 3201 3770 5338 3607 3617 4902 3147 3047 4678 4124 4252 0 2042 1889 1717 2513 1560 3066 107 1139 4052 2846 3568 2527 837 701 1524 969 5533 1849 1750 754 3024 4249 374 2134 965 2133 4591 4648 211 1225 1398 844 3402 2420 5724 1671 908 3392 3333 1127 330
 3294 722 1883 1423 1783 391 192 416 2928 319 217 2492 184 282 1795 1095 2042 0 1211 1369 4144 1672 960 2777 1352 970 1607 4137 2619 577 851 1756 2486 2524 4572 847 2414 607 4962 476 2580 480 2624 818 4020 5632 1925 673 826 2449 1538 6675 2336 324 2013 578 3104 3049
 2597 5330 2409 839 3935 4270 2721 2923 2559 1582 2649 2753 1146 2568 2651 4204 1889 1211 0 2331 3590 634 1064 315 4065 949 2936 5695 2354 367 702 2094 984 954 1275 3919 607 3585 3366 3495 3184 114 1491 262 176 366 5166 3173 455 3531 965 5000 3431 1116 2922 721 1484 1302
 3065 432 3124 1014 2351 1445 1783 602 345 688 3168 590 488 2732 498 589 1717 1369 2331 0 3718 1908 1240 419 1839 3616 3162 3969 1608 623 1039 570 1138 4050 452 600 2922 892 800 856 4182 711 1615 1716 394 3590 2417 3045 2453 3219 1716 4993 124 2183 2368 1030 490 3399
 2590 4848 2761 544 3481 4068 3875 4505 3145 2667 3236 4764 3073 3083 4328 2613 2513 4144 3590 3718 0 2570 1303 1606 1931 1407 1171 3986 2444 3325 879 946 528 4385 2805 1061 1348 3558 3064 3371 2465 3190 2379 1350 1153 4004 1678 3684 4041 343 1112 5221 1165 1126 2170 1990 990 1946
 3825 1236 3784 1381 4359 1553 3070 342 492 1099 1592 1218 4252 1115 1095 3816 1560 1672 634 1908 2570 0 1974 1087 300 1511 2855 5259 2537 525 3929 523 800 2836 3143 2182 1726 1470 5536 968 953 591 1456 528 692 2766 2082 1444 2945 5766 2010 4494 189 260 3336 2895 1950 1278
 759 3061 705 3180 635 3595 971 2466 968 1306 506 705 625 3502 524 502 3066 960 1064 1240 1303 1974 0 2049 1932 413 2918 3514 1172 523 777 3178 640 2939 1610 2510 1930 2871 2804 4029 1997 3072 1144 4408 137 3134 871 1935 1019 228 3482 6265 640 1367 3503 670 2855 669
 594 1187 2942 329 2734 148 3476 567 2020 1335 1672 243 287 268 3213 171 107 2777 315 419 1606 1087 2049 0 2899 1763 4491 3414 2406 2889 756 498 3751 2644 2020 1093 2265 1288 1385 1140 4756 669 3338 1827 3752 3736 1231 941 1423 3724 2521 785 3110 996 3500 835 975 627
 1444 1016 257 4002 1493 4041 1638 4604 1802 3319 354 229 1356 1849 1475 4501 1139 1352 4065 1839 1931 300 1932 2899 0 2725 2176 5045 2305 631 3493 600 536 1669 1612 1074 991 1438 4401 2678 1834 3724 1310 4306 1169 4701 1824 926 75 4128 1839 6776 4341 1863 2884 909 926 2878
 547 1041 675 290 3579 1152 3639 1230 4113 1402 2925 213 435 802 1232 1072 4052 970 949 3616 1407 1511 413 1763 2725 0 1498 4708 3999 728 1214 2742 517 2764 1869 887 517 1118 4739 806 114 846 1990 1905 3744 3185 4265 1686 572 2883 2288 5265 3603 3961 2109 287 1214 1737
 3926 4320 3021 3467 4171 5060 3352 297 2884 5634 2696 1126 4222 4557 3008 3114 2846 1607 2936 3162 1171 2855 2918 4491 2176 1498 0 4619 1684 1635 1311 754 3315 2857 1542 2425 983 742 3199 960 3335 2379 2035 4947 1301 135 1290 2149 1165 3277 1000 5756 489 2355 5298 2575 599 3124
 5991 4480 4971 3843 3962 4791 901 3491 5687 3662 1445 4615 4999 4776 5106 4117 3568 4137 5695 3969 3986 5259 3514 3414 5045 4708 4619 0 1006 1304 1494 817 975 1233 1642 1021 2422 1143 3129 691 3670 854 2650 2073 4291 2914 2130 455 3140 3870 1289 4628 855 1565 2108 3803 2535 2878
 5480 549 3434 3828 2529 2975 3579 4549 2860 257 2392 5123 2204 656 3730 4065 2527 2619 2354 1608 2444 2537 1172 2406 2305 3999 1684 1006 0 2266 1570 2033 1078 2683 1422 992 919 3801 3032 978 2388 1192 2429 3590 1420 5274 1019 3380 560 4835 2039 4747 730 1959 3643 3067 3860 307
 2865 3709 3036 478 1293 354 274 1036 2808 366 3070 447 3342 949 2356 708 837 577 367 623 3325 525 523 2889 631 728 1635 1304 2266 0 2532 498 1274 2746 1748 1994 880 1046 1070 810 2349 392 2759 562 3047 2267 4799 894 2658 3214 2551 5511 364 660 4092 1102 3027 5217
 758 3236 4436 4225 283 606 848 482 359 3535 959 3441 1037 4069 1210 2727 701 851 702 1039 879 3929 777 756 3493 1214 1311 1494 1570 2532 0 1460 1329 4319 1811 818 1986 976 3122 3864 1984 671 1770 607 479 815 279 2688 227 184 955 1686 598 1106 2934 1505 1407 799
 1275 1023 2004 4208 2496 1468 1637 669 1022 1627 3307 1088 2209 783 3841 184 1524 1756 2094 570 946 523 3178 498 600 2742 754 817 2033 498 1460 0 1189 2004 3082 881 459 3365 3209 707 1715 511 1216 1717 629 3883 1441 1433 3674 2746 2217 4276 3440 1710 3093 158 1811 3305
 1044 432 519 2995 4215 3487 709 908 609 243 639 3314 720 3200 798 3848 969 2486 984 1138 528 800 640 3751 536 517 3315 975 1078 1274 1329 1189 0 1326 754 2454 359 1076 634 687 2068 3565 1790 2093 1059 4221 1971 2692 502 4875 715 6472 841 3060 3843 439 359 3716
 3310 2324 3551 3185 372 5890 190 3754 4148 2849 3295 3899 4959 3180 125 2712 5533 2524 954 4050 4385 2836 2939 2644 1669 2764 2857 1233 2683 2746 4319 2004 1326 0 259 432 2199 1174 2948 3428 2074 408 3346 1742 1249 2667 2309 1740 1944 2492 3125 4447 3316 991 4391 1248 1060 2251
 1256 2083 1252 2324 2058 936 4929 1428 2517 2686 1841 2057 2806 4038 2123 1141 1849 4572 1275 452 2805 3143 1610 2020 1612 1869 1542 1642 1422 1748 1811 3082 754 259 0 1394 1438 1185 2846 1145 1284 388 1622 4772 1079 3043 772 2070 1312 925 1145 2230 919 2068 2763 2902 1557 2878
 801 1865 1450 554 2243 1546 1545 4286 2037 1889 2293 984 1542 2040 3385 1315 1750 847 3919 600 1061 2182 2510 1093 1074 887 2425 1021 992 1994 818 881 2454 432 1394 0 1350 1989 4673 1249 1968 3129 1639 1645 4119 2606 1148 1081 1650 4017 1529 5167 3974 523 2083 287 2959 3467
 1238 1612 2617 1332 1174 1495 875 2211 3289 2718 1634 2087 774 1109 1838 2388 754 2414 607 2922 1348 1726 1930 2265 991 517 983 2422 919 880 1986 459 359 2199 1438 1350 0 2951 2395 1096 2031 846 2910 1747 982 1451 618 696 170 4362 2131 5784 1063 3594 2543 2780 394 4316
 1383 1835 2627 3846 767 1771 788 520 3380 3925 3872 938 1200 842 524 943 3024 607 3585 892 3558 1470 2871 1288 1438 1118 742 1143 3801 1046 976 3365 1076 1174 1185 1989 2951 0 1681 1646 3604 950 1162 4036 967 2595 2844 1101 383 2985 2466 5561 2620 434 4925 276 2740 2963
 3998 2620 2217 1647 693 3665 2676 3906 3487 1052 5893 537 4108 4503 3201 3635 4249 4962 3366 800 3064 5536 2804 1385 4401 4739 3199 3129 3032 1070 3122 3209 634 2948 2846 4673 2395 1681 0 2159 1340 1126 1062 2082 3683 2697 700 3388 169 2973 1087 5891 940 1354 3236 3436 98 512
 3841 945 1507 1627 2393 3486 178 1214 254 652 3165 4396 3658 531 730 1079 374 476 3495 856 3371 968 4029 1140 2678 806 960 691 978 810 3864 707 687 3428 1145 1249 1096 1646 2159 0 636 1347 2698 2179 1424 1011 802 1009 3136 2831 718 4902 1090 1861 2107 771 3538 2515
 2566 1273 2905 1619 1175 564 1068 2600 1638 2841 2470 770 5113 1240 3039 3433 2134 2580 3184 4182 2465 953 1997 4756 1834 114 3335 3670 2388 2349 1984 1715 2068 2074 1284 1968 2031 3604 1340 636 0 1860 2139 760 1421 2563 2413 950 98 1544 1083 4353 722 2196 3939 2066 856 4850
 2267 300 3542 638 1202 1328 2094 3187 129 915 368 390 2866 4091 3359 561 965 480 114 711 3190 591 3072 669 3724 846 2379 854 1192 392 671 511 3565 408 388 3129 846 950 1126 1347 1860 0 2278 2592 771 2623 1188 2952 80 2913 2225 4922 921 658 4274 1395 2026 1937
 1734 2543 2044 3544 1578 932 1939 2582 3304 1868 1861 2089 1362 3131 2357 3642 2133 2624 1491 1615 2379 1456 1144 3338 1310 1990 2035 2650 2429 2759 1770 1216 1790 3346 1622 1639 2910 1162 1062 2698 2139 2278 0 3554 1939 4155 1248 1063 2700 2891 1015 6480 761 750 3008 1740 1710 367
 2957 1236 3706 992 4774 1471 2358 2654 3346 4589 1177 2151 887 1564 4099 5304 4591 818 262 1716 1350 528 4408 1827 4306 1905 4947 2073 3590 562 607 1717 2093 1742 4772 1645 1747 4036 2082 2179 760 2592 3554 0 2901 1834 2243 964 411 1103 960 4759 3866 563 2522 407 1733 3601
 665 2300 578 2845 474 4116 1216 1705 1901 2693 3848 652 1480 224 968 3547 4648 4020 176 394 1153 692 137 3752 1169 3744 1301 4291 1420 3047 479 629 1059 1249 1079 4119 982 967 3683 1424 1421 771 1939 2901 0 1337 248 2009 508 2717 1789 4771 652 2929 3006 279 508 3936
 3607 4265 3283 3029 931 3328 817 3600 2359 1876 1267 200 3158 2339 3397 3120 211 5632 366 3590 4004 2766 3134 3736 4701 3185 135 2914 5274 2267 815 3883 4221 2667 3043 2606 1451 2595 2697 1011 2563 2623 4155 1834 1337 0 1210 1972 1584 2655 537 6044 754 586 806 334 194 2430
 2265 1695 2353 2819 1117 1557 1416 2636 1755 1608 456 1002 2245 1246 257 1485 1225 1925 5166 2417 1678 2082 871 1231 1824 4265 1290 2130 1019 4799 279 1441 1971 2309 772 1148 618 2844 700 802 2413 1188 1248 2243 248 1210 0 2286 948 4504 436 4299 3430 668 2936 3135 532 2691
 2128 3322 1609 2266 693 1041 2585 1353 3586 887 974 2553 2624 3583 1177 1488 1398 673 3173 3045 3684 1444 1935 941 926 1686 2149 455 3380 894 2688 1433 2692 1740 2070 1081 696 1101 3388 1009 950 2952 1063 964 2009 1972 2286 0 1435 1972 2400 4199 1096 2493 3026 337 2906 2087
 1004 781 2793 1036 1694 1694 458 1844 757 3125 1096 827 908 1702 2773 587 844 826 455 2453 4041 2945 1019 1423 75 572 1165 3140 560 2658 227 3674 502 1944 1312 1650 170 383 169 3136 98 80 2700 411 508 1584 948 1435 0 1447 1238 5830 1191 494 947 235 435 1861
 2869 3459 2366 147 3741 4399 3417 3163 924 3462 681 3734 2493 1934 1377 130 3402 2449 3531 3219 343 5766 228 3724 4128 2883 3277 3870 4835 3214 184 2746 4875 2492 925 4017 4362 2985 2973 2831 1544 2913 2891 1103 2717 2655 4504 1972 1447 0 1199 5271 1232 557 2464 2699 335 2358
 2296 923 1175 1282 2162 1906 2559 1133 1352 1422 1651 2423 1588 209 1030 1461 2420 1538 965 1716 1112 2010 3482 2521 1839 2288 1000 1289 2039 2551 955 2217 715 3125 1145 1529 2131 2466 1087 718 1083 2225 1015 960 1789 537 436 2400 1238 1199 0 5404 1582 2130 2364 451 2470 2263
 4267 6553 4826 3830 5951 6417 5423 6089 3142 4876 5676 5181 6678 4720 4074 5071 5724 6675 5000 4993 5221 4494 6265 785 6776 5265 5756 4628 4747 5511 1686 4276 6472 4447 2230 5167 5784 5561 5891 4902 4353 4922 6480 4759 4771 6044 4299 4199 5830 5271 5404 0 2098 524 4208 546 137 1425
 5126 1653 3545 708 1298 1342 3451 347 1126 1989 250 2736 138 3786 888 1452 1671 2336 3431 124 1165 189 640 3110 4341 3603 489 855 730 364 598 3440 841 3316 919 3974 1063 2620 940 1090 722 921 761 3866 652 754 3430 1096 1191 1232 1582 2098 0 851 3116 1882 234 2266
 1247 4746 716 2223 584 1442 694 2089 1577 2230 1609 1003 1260 1297 2535 1511 908 324 1116 2183 1126 260 1367 996 1863 3961 2355 1565 1959 660 1106 1710 3060 991 2068 523 3594 434 1354 1861 2196 658 750 563 2929 586 668 2493 494 557 2130 524 851 0 2390 2699 2072 2166
 2824 3457 6083 2120 2040 2844 2973 3937 1958 3710 4363 2941 3207 1991 3512 1571 3392 2013 2922 2368 2170 3336 3503 3500 2884 2109 5298 2108 3643 4092 2934 3093 3843 4391 2763 2083 2543 4925 3236 2107 3939 4274 3008 2522 3006 806 2936 3026 947 2464 2364 4208 3116 2390 0 1557 1196 3870
 2730 706 791 4588 922 2991 217 760 1050 2915 1119 1776 1451 5410 2182 846 3333 578 721 1030 1990 2895 670 835 909 287 2575 3803 3067 1102 1505 158 439 1248 2902 287 2780 276 3436 771 2066 1395 1740 407 279 334 3135 337 235 2699 451 546 1882 2699 1557 0 1517 1417
 314 2636 666 1096 4645 693 2889 287 772 1135 2875 1424 2185 1193 846 2142 1127 3104 1484 490 990 1950 2855 975 926 1214 599 2535 3860 3027 1407 1811 359 1060 1557 2959 394 2740 98 3538 856 2026 1710 1733 508 194 532 2906 435 335 2470 137 234 2072 1196 1517 0 739
 2635 2713 2437 1600 2845 6002 1743 594 2182 2906 1658 464 3334 3987 2870 2601 330 3049 1302 3399 1946 1278 669 627 2878 1737 3124 2878 307 5217 799 3305 3716 2251 2878 3467 4316 2963 512 2515 4850 1937 367 3601 3936 2430 2691 2087 1861 2358 2263 1425 2266 2166 3870 1417 739 0
